n,execution_result,execution_time,Framework
1,9.999984488484617e8,173.132603247,HPAT
2,9.999984488484617e8,81.203371255,HPAT
3,9.999984488484617e8,84.448361555,HPAT
4,9.999984488484617e8,82.228230136,HPAT
5,9.999984488484617e8,84.52937594,HPAT
6,9.999984488484617e8,84.982950874,HPAT
7,9.999984488484617e8,80.270722448,HPAT
8,9.999984488484617e8,83.397497699,HPAT
9,9.999984488484617e8,84.609938822,HPAT
10,9.999984488484617e8,83.546095753,HPAT
11,9.999984488484617e8,84.262820374,HPAT
12,9.999984488484617e8,84.597603573,HPAT
13,9.999984488484617e8,84.168180361,HPAT
14,9.999984488484617e8,80.447634879,HPAT
15,9.999984488484617e8,84.189180729,HPAT
16,9.999984488484617e8,83.984886809,HPAT
17,9.999984488484617e8,85.197022805,HPAT
18,9.999984488484617e8,84.656582194,HPAT
19,9.999984488484617e8,84.133603896,HPAT
20,9.999984488484617e8,80.217506662,HPAT
21,9.999984488484617e8,82.487592342,HPAT
22,9.999984488484617e8,83.427283192,HPAT
23,9.999984488484617e8,84.361159186,HPAT
24,9.999984488484617e8,84.037121901,HPAT
25,9.999984488484617e8,82.968259998,HPAT
26,9.999984488484617e8,81.901352052,HPAT
27,9.999984488484617e8,90.366110192,HPAT
28,9.999984488484617e8,82.989651516,HPAT
29,9.999984488484617e8,82.013907577,HPAT
30,9.999984488484617e8,81.778991685,HPAT
1,9.999984488484765E8,1339.035,Spark
2,9.999984488484765E8,1190.822,Spark
3,9.999984488484765E8,1278.904,Spark
4,9.999984488484765E8,1220.884,Spark
5,9.999984488484764E8,1269.763,Spark
6,9.999984488484764E8,1218.377,Spark
7,9.999984488484765E8,1370.676,Spark
8,9.999984488484764E8,1366.438,Spark
9,9.999984488484765E8,1379.986,Spark
10,9.999984488484764E8,1132.514,Spark
11,9.999984488484765E8,1211.006,Spark
12,9.999984488484764E8,1243.640,Spark
13,9.999984488484765E8,1179.728,Spark
14,9.999984488484764E8,1371.411,Spark
15,9.999984488484765E8,1104.836,Spark
16,9.999984488484764E8,1349.177,Spark
17,9.999984488484765E8,1488.435,Spark
18,9.999984488484765E8,1209.315,Spark
19,9.999984488484765E8,1375.728,Spark
20,9.999984488484765E8,1366.557,Spark
21,9.999984488484765E8,1180.129,Spark
22,9.999984488484765E8,1208.563,Spark
23,9.999984488484764E8,1163.972,Spark
24,9.999984488484765E8,1260.160,Spark
25,9.999984488484765E8,1207.630,Spark
26,9.999984488484765E8,1312.653,Spark
27,9.999984488484765E8,1284.948,Spark
28,9.999984488484765E8,1484.495,Spark
29,9.999984488484765E8,1163.611,Spark
30,9.999984488484765E8,1448.806,Spark