n,execution_result,execution_time,Framework
1,9.999984488484617e8,56.665239532,HPAT
1,9.999984488484765E8,394.931,Spark
2,9.999984488484617e8,69.331302684,HPAT
2,9.999984488484764E8,392.196,Spark
3,9.999984488484617e8,104.744760587,HPAT
3,9.999984488484765E8,388.970,Spark
4,9.999984488484617e8,121.472835776,HPAT
4,9.999984488484765E8,390.989,Spark
5,9.999984488484617e8,131.89937435,HPAT
5,9.999984488484765E8,382.693,Spark
6,9.999984488484617e8,133.994324711,HPAT
6,9.999984488484765E8,380.144,Spark
7,9.999984488484617e8,124.65598576,HPAT
7,9.999984488484765E8,394.975,Spark
8,9.999984488484617e8,116.624761979,HPAT
8,9.999984488484765E8,381.090,Spark
9,9.999984488484617e8,115.106127267,HPAT
9,9.999984488484765E8,386.757,Spark
10,9.999984488484617e8,120.001523687,HPAT
10,9.999984488484765E8,534.923,Spark
11,9.999984488484617e8,122.224047677,HPAT
11,9.999984488484764E8,614.870,Spark
12,9.999984488484617e8,111.881162731,HPAT
12,9.999984488484764E8,619.655,Spark
13,9.999984488484617e8,111.723177498,HPAT
13,9.999984488484765E8,610.926,Spark
14,9.999984488484617e8,102.983327062,HPAT
14,9.999984488484765E8,601.525,Spark
15,9.999984488484617e8,115.87537028,HPAT
15,9.999984488484765E8,608.612,Spark
16,9.999984488484617e8,113.156513797,HPAT
16,9.999984488484765E8,604.045,Spark
17,9.999984488484617e8,109.022248054,HPAT
17,9.999984488484765E8,622.735,Spark
18,9.999984488484617e8,110.542726149,HPAT
18,9.999984488484765E8,615.794,Spark
19,9.999984488484617e8,108.269643317,HPAT
19,9.999984488484764E8,613.278,Spark
20,9.999984488484617e8,102.25804126,HPAT
20,9.999984488484765E8,617.623,Spark
21,9.999984488484617e8,103.156883559,HPAT
21,9.999984488484765E8,609.552,Spark
22,9.999984488484617e8,109.688773425,HPAT
22,9.999984488484765E8,611.125,Spark
23,9.999984488484617e8,107.439516997,HPAT
23,9.999984488484765E8,624.367,Spark
24,9.999984488484617e8,106.84871096,HPAT
24,9.999984488484765E8,610.101,Spark
25,9.999984488484617e8,152.700187391,HPAT
25,9.999984488484765E8,555.647,Spark
26,9.999984488484617e8,113.596340943,HPAT
26,9.999984488484765E8,621.066,Spark
27,9.999984488484617e8,109.873103197,HPAT
27,9.999984488484764E8,610.465,Spark
28,9.999984488484617e8,102.8262154,HPAT
28,9.999984488484764E8,608.675,Spark
29,9.999984488484617e8,102.771105246,HPAT
29,9.999984488484765E8,625.347,Spark
30,9.999984488484617e8,109.636556355,HPAT
30,9.999984488484764E8,609.622,Spark
